10
0 600 986 391 397 424 1039 946 516 791
600 0 869 867 204 959 477 824 519 513
986 869 0 857 848 987 812 45 475 367
391 867 857 0 676 131 1212 830 503 820
397 204 848 676 0 761 654 803 417 538
424 959 987 131 761 0 1328 960 631 949
1039 477 812 1212 654 1328 0 779 734 488
946 824 45 830 803 960 779 0 433 325
516 519 475 503 417 631 734 433 0 318
791 513 367 820 538 949 488 325 318 0
