50
0 532 137 483 237 559 339 534 519 292 559 322 44 335 523 614 333 268 656 324 183 395 171 722 367 780 271 349 478 283 297 390 246 78 571 838 437 737 186 672 547 173 593 411 402 700 578 413 550 453
532 0 502 756 296 209 528 250 373 301 498 495 539 345 102 176 209 307 391 710 582 161 698 498 295 291 371 269 227 642 438 411 763 611 38 354 430 212 506 160 165 361 747 517 169 644 244 387 168 205
137 502 0 365 237 479 453 444 584 214 429 185 98 402 468 619 293 310 547 235 318 397 223 602 272 713 166 390 392 176 168 265 357 182 539 766 310 715 306 620 476 166 460 518 410 565 491 293 561 479
483 756 365 0 572 631 817 578 935 468 378 263 439 759 680 912 575 660 585 184 663 707 443 574 461 861 397 733 556 201 322 351 609 485 784 896 351 957 667 817 654 512 164 883 725 410 622 382 866 805
237 296 237 572 0 359 331 351 364 146 476 323 248 200 299 386 111 95 498 470 307 163 405 586 221 557 193 161 292 406 267 313 469 315 334 618 357 500 242 441 336 72 624 365 174 635 386 316 325 241
559 209 479 631 359 0 667 54 569 269 311 394 548 495 108 382 248 419 181 634 666 311 700 288 208 239 314 419 86 568 351 283 806 634 213 289 280 349 601 190 43 395 585 677 329 443 35 249 377 394
339 528 453 817 331 667 0 671 277 475 803 613 382 183 582 503 428 249 823 663 191 370 462 915 552 819 506 259 614 620 567 634 399 369 561 883 681 673 152 688 635 344 909 81 359 961 699 642 439 341
534 250 444 578 351 54 671 0 595 242 258 346 520 504 147 426 243 421 156 587 654 329 667 258 172 287 278 432 59 522 307 232 781 607 259 332 226 403 593 245 90 377 530 687 348 395 48 198 414 419
519 373 584 935 364 569 277 595 0 492 801 686 552 184 463 270 398 275 749 818 440 271 679 853 545 645 553 203 550 760 629 658 658 578 392 706 697 445 370 514 527 423 985 216 251 960 604 651 222 175
292 301 214 468 146 269 475 242 492 0 329 206 279 343 254 444 106 240 372 408 421 241 432 450 80 499 71 292 186 340 146 168 539 365 335 554 211 512 369 407 263 142 494 512 260 488 286 169 398 342
559 498 429 378 476 311 803 258 801 329 0 251 527 670 399 675 404 569 210 459 725 531 634 201 259 508 302 610 271 410 262 172 784 611 513 533 124 660 686 499 348 461 287 841 552 160 288 161 652 633
322 495 185 263 323 394 613 346 686 206 251 0 284 520 425 648 312 417 405 242 499 446 382 440 202 633 136 483 311 179 59 116 534 364 525 677 146 699 476 570 408 276 302 667 464 380 393 152 603 546
44 539 98 439 248 548 382 520 552 279 527 284 0 368 521 632 333 293 634 281 226 410 159 696 349 775 249 375 465 239 265 360 264 88 577 831 406 747 230 672 540 178 550 454 419 664 565 386 569 476
335 345 402 759 200 495 183 504 184 343 670 520 368 0 403 334 270 104 660 635 281 189 498 757 410 637 393 77 450 578 465 511 495 397 378 700 555 497 204 505 460 247 822 182 177 830 527 511 267 164
523 102 468 680 299 108 582 147 463 254 399 425 521 403 0 278 191 340 290 655 604 214 679 397 223 257 317 326 131 586 373 330 765 601 114 318 341 276 533 152 65 351 657 583 230 542 143 301 269 288
614 176 619 912 386 382 503 426 270 444 675 648 632 334 278 0 339 350 561 844 612 223 785 668 457 388 516 278 403 777 589 577 818 689 170 446 601 175 533 265 339 458 916 466 213 821 416 556 67 171
333 209 293 575 111 248 428 243 398 106 404 312 333 270 191 339 0 179 394 507 419 136 492 488 146 449 177 206 185 439 252 262 574 411 246 509 298 421 353 339 225 159 597 450 156 564 275 252 291 239
268 307 310 660 95 419 249 421 275 240 569 417 293 104 340 350 179 0 574 545 275 147 439 667 311 590 289 82 364 485 361 408 469 340 344 653 452 491 199 464 389 147 718 273 146 729 450 409 284 185
656 391 547 585 498 181 823 156 749 372 210 405 634 660 290 561 394 574 0 641 792 484 769 106 291 309 385 587 209 583 387 291 899 723 391 326 259 501 736 333 225 514 495 842 503 293 146 258 559 573
324 710 235 184 470 634 663 587 818 408 459 242 281 635 655 844 507 545 641 0 495 625 259 660 433 874 339 625 550 68 283 358 425 311 744 919 382 921 511 804 645 400 336 735 639 541 635 394 790 712
183 582 318 663 307 666 191 654 440 421 725 499 226 281 604 612 419 275 792 495 0 423 273 870 501 860 424 334 595 462 466 552 218 187 619 922 600 764 78 737 644 278 776 272 421 872 691 569 544 440
395 161 397 707 163 311 370 329 271 241 531 446 410 189 214 223 136 147 484 625 423 0 566 587 279 450 310 112 281 559 386 397 613 472 197 513 432 346 346 321 273 235 733 368 20 689 345 386 164 103
171 698 223 443 405 700 462 667 679 432 634 382 159 498 679 785 492 439 769 259 273 566 0 818 495 930 390 519 614 256 384 482 166 101 736 986 523 906 318 830 694 337 586 542 573 752 714 512 721 624
722 498 602 574 586 288 915 258 853 450 201 440 696 757 397 668 488 667 106 660 870 587 818 0 369 391 451 687 307 608 435 337 959 783 497 395 295 601 819 433 332 593 459 938 606 219 253 310 665 677
367 295 272 461 221 208 552 172 545 80 259 202 349 410 223 457 146 311 291 433 501 279 495 369 0 446 106 351 121 365 150 120 612 437 323 497 152 497 449 371 213 223 460 584 299 419 219 106 420 382
780 291 713 861 557 239 819 287 645 499 508 633 775 637 257 388 449 590 309 874 860 450 930 391 446 0 551 560 325 808 591 520 1023 857 261 63 510 251 787 133 236 608 794 807 460 600 240 485 423 491
271 371 166 397 193 314 506 278 553 71 302 136 249 393 317 516 177 289 385 339 424 310 390 451 106 551 0 350 227 271 76 129 513 337 404 603 177 581 384 468 316 161 432 551 328 456 325 145 469 409
349 269 390 733 161 419 259 432 203 292 610 483 375 77 326 278 206 82 587 625 334 112 519 687 351 560 350 0 379 564 426 460 539 420 302 623 500 431 255 429 383 225 782 257 100 770 453 455 211 107
478 227 392 556 292 86 614 59 550 186 271 311 465 450 131 403 185 364 209 550 595 281 614 307 121 325 227 379 0 483 266 205 725 551 244 376 211 405 534 261 97 319 526 632 300 420 100 174 383 376
283 642 176 201 406 568 620 522 760 340 410 179 239 578 586 777 439 485 583 68 462 559 256 608 365 808 271 564 483 0 216 295 423 285 675 854 323 852 468 736 578 339 330 688 574 507 570 331 724 648
297 438 168 322 267 351 567 307 629 146 262 59 265 465 373 589 252 361 387 283 466 386 384 435 150 591 76 426 266 216 0 98 525 350 469 639 142 645 436 521 361 225 357 618 405 406 355 128 544 486
390 411 265 351 313 283 634 232 658 168 172 116 360 511 330 577 262 408 291 358 552 397 482 337 120 520 129 460 205 295 98 0 622 447 437 562 48 606 513 466 302 290 339 677 417 326 279 35 541 501
246 763 357 609 469 806 399 781 658 539 784 534 264 495 765 818 574 469 899 425 218 613 166 959 612 1023 513 539 725 423 525 622 0 176 802 1082 667 959 291 910 793 414 753 480 615 911 825 649 750 647
78 611 182 485 315 634 369 607 578 365 611 364 88 397 601 689 411 340 723 311 187 472 101 783 437 857 337 420 551 285 350 447 176 0 649 915 492 815 220 750 623 251 611 447 478 744 651 473 624 525
571 38 539 784 334 213 561 259 392 335 513 525 577 378 114 170 246 344 391 744 619 197 736 497 323 261 404 302 244 675 469 437 802 649 0 324 453 177 543 128 170 399 769 546 203 655 246 411 176 230
838 354 766 896 618 289 883 332 706 554 533 677 831 700 318 446 509 653 326 919 922 513 986 395 497 63 603 623 376 854 639 562 1082 915 324 0 548 297 849 195 291 667 820 870 523 611 284 527 483 554
437 430 310 351 357 280 681 226 697 211 124 146 406 555 341 601 298 452 259 382 600 432 523 295 152 510 177 500 211 323 142 48 667 492 453 548 0 617 561 469 306 338 316 722 452 279 270 45 569 535
737 212 715 957 500 349 673 403 445 512 660 699 747 497 276 175 421 491 501 921 764 346 906 601 497 251 581 431 405 852 645 606 959 815 177 297 617 0 685 168 314 569 930 640 344 787 374 578 234 332
186 506 306 667 242 601 152 593 370 369 686 476 230 204 533 533 353 199 736 511 78 346 318 819 449 787 384 255 534 468 436 513 291 220 543 849 561 685 0 663 576 227 766 227 343 839 628 527 465 361
672 160 620 817 441 190 688 245 514 407 499 570 672 505 152 265 339 464 333 804 737 321 830 433 371 133 468 429 261 736 521 466 910 750 128 195 469 168 663 0 163 498 776 674 329 620 211 434 293 358
547 165 476 654 336 43 635 90 527 263 348 408 540 460 65 339 225 389 225 645 644 273 694 332 213 236 316 383 97 578 361 302 793 623 170 291 306 314 576 163 0 379 617 641 290 485 78 271 333 352
173 361 166 512 72 395 344 377 423 142 461 276 178 247 351 458 159 147 514 400 278 235 337 593 223 608 161 225 319 339 225 290 414 251 399 667 338 569 227 498 379 0 578 392 246 617 417 301 398 312
593 747 460 164 624 585 909 530 985 494 287 302 550 822 657 916 597 718 495 336 776 733 586 459 460 794 432 782 526 330 357 339 753 611 769 820 316 930 766 776 617 578 0 967 753 265 567 359 880 836
411 517 518 883 365 677 81 687 216 512 841 667 454 182 583 466 450 273 842 735 272 368 542 938 584 807 551 257 632 688 618 677 480 447 546 870 722 640 227 674 641 392 967 0 354 1000 710 681 405 317
402 169 410 725 174 329 359 348 251 260 552 464 419 177 230 213 156 146 503 639 421 20 573 606 299 460 328 100 300 574 405 417 615 478 203 523 452 344 343 329 290 246 753 354 0 710 363 406 151 83
700 644 565 410 635 443 961 395 960 488 160 380 664 830 542 821 564 729 293 541 872 689 752 219 419 600 456 770 420 507 406 326 911 744 655 611 279 787 839 620 485 617 265 1000 710 0 414 319 804 790
578 244 491 622 386 35 699 48 604 286 288 393 565 527 143 416 275 450 146 635 691 345 714 253 219 240 325 453 100 570 355 279 825 651 246 284 270 374 628 211 78 417 567 710 363 414 0 244 412 429
413 387 293 382 316 249 642 198 651 169 161 152 386 511 301 556 252 409 258 394 569 386 512 310 106 485 145 455 174 331 128 35 649 473 411 527 45 578 527 434 271 301 359 681 406 319 244 0 523 489
550 168 561 866 325 377 439 414 222 398 652 603 569 267 269 67 291 284 559 790 544 164 721 665 420 423 469 211 383 724 544 541 750 624 176 483 569 234 465 293 333 398 880 405 151 804 412 523 0 104
453 205 479 805 241 394 341 419 175 342 633 546 476 164 288 171 239 185 573 712 440 103 624 677 382 491 409 107 376 648 486 501 647 525 230 554 535 332 361 358 352 312 836 317 83 790 429 489 104 0
